@relation iris_new_set_1_of_1

@attribute sepallength numeric
@attribute sepalwidth numeric
@attribute petallength numeric
@attribute petalwidth numeric
@attribute class {Iris-setosa,Iris-versicolor,Iris-virginica}
@attribute MultilayerPerceptron_prob_Iris-setosa numeric
@attribute MultilayerPerceptron_prob_Iris-versicolor numeric
@attribute MultilayerPerceptron_prob_Iris-virginica numeric

@data
5,3.5,1.3,0.3,?,0.992604,0.007364,0.000032
4.5,2.3,1.3,0.3,?,0.968445,0.031473,0.000082
4.4,3.2,1.3,0.2,?,0.992188,0.007778,0.000034
5,3.5,1.6,0.6,?,0.988668,0.011291,0.000041
5.1,3.8,1.9,0.4,?,0.991913,0.008053,0.000034
4.8,3,1.4,0.3,?,0.989134,0.010825,0.000041
5.1,3.8,1.6,0.2,?,0.993278,0.006691,0.00003
4.6,3.2,1.4,0.2,?,0.991871,0.008094,0.000035
5.3,3.7,1.5,0.2,?,0.993135,0.006834,0.000031
5,3.3,1.4,0.2,?,0.992158,0.007808,0.000034
5.5,2.6,4.4,1.2,?,0.006849,0.984404,0.008747
6.1,3,4.6,1.4,?,0.006169,0.98376,0.01007
5.8,2.6,4,1.2,?,0.008831,0.985466,0.005703
5,2.3,3.3,1,?,0.017441,0.978669,0.003889
5.6,2.7,4.2,1.3,?,0.007402,0.984817,0.007782
5.7,3,4.2,1.2,?,0.013732,0.98213,0.004138
5.7,2.9,4.2,1.3,?,0.009476,0.984656,0.005869
6.2,2.9,4.3,1.3,?,0.008282,0.985813,0.005905
5.1,2.5,3,1.1,?,0.027463,0.969689,0.002849
5.7,2.8,4.1,1.3,?,0.008956,0.984972,0.006072
6.7,3.1,5.6,2.4,?,0.000116,0.000614,0.99927
6.9,3.1,5.1,2.3,?,0.000149,0.001125,0.998726
5.8,2.7,5.1,1.9,?,0.000208,0.002069,0.997723
6.8,3.2,5.9,2.3,?,0.000117,0.00062,0.999263
6.7,3.3,5.7,2.5,?,0.000116,0.000592,0.999292
6.7,3,5.2,2.3,?,0.000134,0.000817,0.999049
6.3,2.5,5,1.9,?,0.0002,0.00279,0.997011
6.5,3,5.2,2,?,0.000223,0.003296,0.996481
6.2,3.4,5.4,2.3,?,0.000156,0.000778,0.999066
5.9,3,5.1,1.8,?,0.000476,0.026456,0.973069

5,3.5,1.3,0.3
4.5,2.3,1.3,0.3
4.4,3.2,1.3,0.2
5,3.5,1.6,0.6
5.1,3.8,1.9,0.4
4.8,3,1.4,0.3
5.1,3.8,1.6,0.2
4.6,3.2,1.4,0.2
5.3,3.7,1.5,0.2
5,3.3,1.4,0.2
5.5,2.6,4.4,1.2
6.1,3,4.6,1.4
5.8,2.6,4,1.2
5,2.3,3.3,1
5.6,2.7,4.2,1.3
5.7,3,4.2,1.2
5.7,2.9,4.2,1.3
6.2,2.9,4.3,1.3
5.1,2.5,3,1.1
5.7,2.8,4.1,1.3
6.7,3.1,5.6,2.4
6.9,3.1,5.1,2.3
5.8,2.7,5.1,1.9
6.8,3.2,5.9,2.3
6.7,3.3,5.7,2.5
6.7,3,5.2,2.3
6.3,2.5,5,1.9
6.5,3,5.2,2
6.2,3.4,5.4,2.3
5.9,3,5.1,1.8

0.992604,0.007364,0.000032
0.968445,0.031473,0.000082
0.992188,0.007778,0.000034
0.988668,0.011291,0.000041
0.991913,0.008053,0.000034
0.989134,0.010825,0.000041
0.993278,0.006691,0.00003
0.991871,0.008094,0.000035
0.993135,0.006834,0.000031
0.992158,0.007808,0.000034
0.006849,0.984404,0.008747
0.006169,0.98376,0.01007
0.008831,0.985466,0.005703
0.017441,0.978669,0.003889
0.007402,0.984817,0.007782
0.013732,0.98213,0.004138
0.009476,0.984656,0.005869
0.008282,0.985813,0.005905
0.027463,0.969689,0.002849
0.008956,0.984972,0.006072
0.000116,0.000614,0.99927
0.000149,0.001125,0.998726
0.000208,0.002069,0.997723
0.000117,0.00062,0.999263
0.000116,0.000592,0.999292
0.000134,0.000817,0.999049
0.0002,0.00279,0.997011
0.000223,0.003296,0.996481
0.000156,0.000778,0.999066
0.000476,0.026456,0.973069
